{'WETF': 0.0223, 'COTY': 0.0258, 'ADT': 0.0259, 'AROC': 0.026600000000000002, 'INFN': 0.0276, 'ITUB': 0.0286, 'CECE': 0.0298, 'GFI': 0.0298, 'TACO': 0.0298, 'CNSL': 0.0302, 'CVE': 0.030699999999999998, 'SID': 0.030899999999999997, 'PWFL': 0.0327, 'EGO': 0.0331, 'NPTN': 0.034300000000000004, 'CASA': 0.0349, 'ERF': 0.0351, 'SXC': 0.036000000000000004, 'FF': 0.036000000000000004, 'HT': 0.0362, 'PBI': 0.037000000000000005, 'ARLO': 0.0382, 'ENLC': 0.039, 'DNOW': 0.0393, 'RYAM': 0.0398, 'HL': 0.0405, 'CPRX': 0.0405, 'ACTG': 0.0406, 'TWI': 0.0406, 'SOI': 0.0407, 'IMGN': 0.0408, 'CDE': 0.042199999999999994, 'CMRX': 0.0429, 'CDXC': 0.0431, 'EMKR': 0.0441, 'VRAY': 0.044199999999999996, 'GCI': 0.0449, 'PBF': 0.046, 'CRK': 0.046799999999999994, 'ITI': 0.046799999999999994, 'IMVT': 0.0472, 'RBBN': 0.0473, 'FINV': 0.0492, 'OIS': 0.0493, 'FLDM': 0.049800000000000004, 'EPZM': 0.0499, 'RMNI': 0.050499999999999996, 'LX': 0.0512, 'TME': 0.0516, 'AGS': 0.051699999999999996, 'PUMP': 0.052199999999999996, 'FLXN': 0.0546, 'VERU': 0.0552, 'RRD': 0.0557, 'QMCO': 0.057999999999999996,
'EVC': 0.061,
'CHS': 0.0611, 'IQ': 0.0638, 'MESA': 0.0647, 'CLNE': 0.0663,
'KDMN': 0.0698, 'GEVO': 0.0726, 'AVRO': 0.08, 'FCEL': 0.1108,
'STXS': 0.13470000000000001}
